DATA: aviation
distances
22 items
aviation
1 min
9 max
lower triangle:
4.676
4.118	3.647
3.735	1.588	2.824
3.912	3.853	4.618	2.324
5.618	5.235	2.500	3.912	4.647
4.265	7.206	8.029	5.412	5.618	7.912
3.353	6.118	7.088	3.412	2.765	6.735	3.735
4.588	7.088	7.735	6.324	7.412	7.765	4.471	5.588
6.765	5.529	3.324	7.235	3.735	2.294	4.588	7.000	5.382
7.147	6.265	4.618	7.000	5.000	3.029	4.647	7.176	5.559	1.559
2.176	3.382	3.382	1.765	3.324	2.412	3.853	2.118	5.588	5.206	5.118
3.176	4.382	4.059	2.176	3.676	2.412	6.206	3.676	7.147	3.147	3.029	1.529
3.029	4.176	6.559	2.471	2.647	5.353	5.088	1.853	6.941	6.765	6.824	2.824	4.735
4.500	3.618	2.000	2.706	4.265	1.324	7.206	5.647	7.676	2.794	2.412	1.735	1.206	5.882
6.971	5.912	5.676	7.471	3.147	4.676	7.500	7.500	8.500	3.676	4.794	5.618	5.676	6.588	4.059
7.206	6.147	5.706	7.059	3.824	5.147	7.294	6.765	7.794	4.794	5.147	5.471	6.176	6.176	4.765	1.853
5.382	4.559	6.382	4.235	1.588	4.971	5.059	3.735	7.676	2.206	2.735	4.912	5.382	3.235	5.618	4.235	4.588
6.559	6.765	5.559	6.882	3.265	5.853	6.235	6.353	8.059	3.412	4.382	4.294	5.029	5.500	5.088	2.353	1.794	4.618
6.471	7.471	6.441	6.559	2.265	5.088	7.471	6.235	8.059	2.794	3.941	3.882	4.059	4.912	5.676	1.588	2.059	3.824	2.206
6.206	5.206	2.853	6.529	3.000	4.235	7.441	7.235	7.941	3.176	4.529	4.088	3.824	5.706	3.441	4.147	4.353	3.912	4.794	3.529
5.088	7.235	2.147	6.118	3.118	3.471	5.294	6.471	5.029	2.324	1.912	3.265	1.353	5.529	1.618	6.882	6.500	4.824	6.412	6.882	1.882

