data
distances
15 items
4 decimals
0 min
50 max
lower triangular
 
7.9375 
2.8125 5.5625 
5.375 7.0625 3.3125 
7.5 12.688 9.75 12.813 
9.25 17 11.438 11.5 11.6875 
3.5625 4.375 1.5625 3.3125 9.4375 12.688 
6.9375 1.25 4.4375 5.8125 12.313 15.813 3.4375 
12.25 4.875 10.25 11.875 15.25 21.5 8.875 6.125 
9.6875 3.75 6.875 6.4375 15.75 17.75 6.5 3.5625 7 
11.688 5 8.9375 8.4375 17.5 19.875 8.375 5.1875 6.6875 2.125 
1.4375 6.75 2.375 5.5625 7.375 10.688 2.5 5.875 10.938 8.875 10.875 
10.5 15.438 10.688 8.4375 16.688 8.125 12.313 14.188 20.313 14.438 16.25 11.688 
7.5625 1.8125 5.6875 7.75 11.313 16.813 4.25 2.5625 4.75 5.625 6.75 6.1875 16.188 
8.375 3.5 5.5625 4.9375 14.75 16.313 5.375 3.0625 7.9375 1.5 3.5625 7.6875 13 5.5625

