data
distance
21 nodes
diagnosis
0 min
10 max
matrix
0 10 10 1 10 10 10 10 10 10 10 10 10 10 10 10 10 10 10 10 10 
10 0 10 1 10 10 10 10 10 10 10 10 10 10 10 10 10 10 10 10 10 
10 10 0 1 10 10 10 10 10 10 10 10 10 10 10 10 10 10 10 10 10 
1 1 1 0 10 10 1 10 1 1 1 1 10 10 10 10 10 10 1 10 1 
10 10 10 10 0 10 10 10 10 10 10 10 10 10 10 10 1 10 10 10 10 
10 10 10 10 10 0 10 10 10 10 10 10 10 10 10 10 1 10 10 10 10 
10 10 10 1 10 10 0 10 10 10 10 10 10 10 10 10 10 10 10 10 10 
10 10 10 10 10 10 10 0 10 10 10 10 10 10 10 10 1 10 10 10 10 
10 10 10 1 10 10 10 10 0 10 10 10 10 10 10 10 10 10 10 10 10 
10 10 10 1 10 10 10 10 10 0 10 10 10 10 10 10 1 10 10 10 10 
10 10 10 1 10 10 10 10 10 10 0 10 10 10 10 10 10 10 10 10 10 
10 10 10 1 10 10 10 10 10 10 10 0 10 10 10 10 10 10 10 10 10 
10 10 10 10 10 10 10 10 10 10 10 10 0 10 10 10 1 10 10 10 10 
10 10 10 10 10 10 10 10 10 10 10 10 10 0 10 10 1 10 10 10 10 
10 10 10 10 10 10 10 10 10 10 10 10 10 10 0 10 1 10 10 10 10 
10 10 10 10 10 10 10 10 10 10 10 10 10 10 10 0 1 10 10 10 10 
10 10 10 10 1 1 10 1 10 1 10 10 1 1 1 1 0 1 1 1 1 
10 10 10 10 10 10 10 10 10 10 10 10 10 10 10 10 1 0 10 10 10 
10 10 10 1 10 10 10 10 10 10 10 10 10 10 10 10 1 10 0 10 10 
10 10 10 10 10 10 10 10 10 10 10 10 10 10 10 10 1 10 10 0 10 
10 10 10 1 10 10 10 10 10 10 10 10 10 10 10 10 1 10 10 10 0

